0.071
0.067
0.067
0.069
0.072
0.074
0.077
0.080
0.083
0.086
0.089
0.093
0.096
0.100
0.104
0.108
0.111
0.116
0.120
0.124
0.128
0.133
0.138
0.143
0.148
0.153
0.159
0.164
0.170
0.175
0.181
0.187
0.193
0.200
0.206
0.213
0.220
0.227
0.234
0.242
0.249
0.257
0.266
0.274
0.283
0.292
0.301
0.311
0.321
0.331
0.341
0.352
0.363
0.374
0.386
0.397
0.409
0.421
0.434
0.446
0.459
0.472
0.485
0.499
0.512
0.526
0.540
0.555
0.569
0.585
0.600
0.615
0.630
0.645
0.660
0.674
0.689
0.703
0.717
0.730
0.743
0.755
0.767
0.778
0.789
0.798
0.807
0.815
0.822
0.827
0.831
0.834
0.833
0.829
0.818
0.799
0.769
0.719
0.639
0.515
0.000