24.14
24.25
24.25
24.20
24.13
24.06
23.99
23.92
23.84
23.76
23.67
23.59
23.49
23.40
23.30
23.20
23.10
22.99
22.88
22.77
22.65
22.53
22.41
22.28
22.15
22.01
21.87
21.73
21.58
21.43
21.28
21.12
20.96
20.80
20.63
20.46
20.28
20.10
19.91
19.71
19.51
19.30
19.08
18.86
18.63
18.39
18.15
17.90
17.64
17.38
17.11
16.83
16.54
16.25
15.95
15.64
15.33
15.02
14.70
14.37
14.04
13.70
13.35
13.00
12.64
12.28
11.91
11.54
11.15
10.76
10.36
9.97
9.57
9.18
8.78
8.40
8.01
7.65
7.28
6.92
6.57
6.24
5.91
5.60
5.31
5.03
4.77
4.51
4.27
4.04
3.83
3.60
3.39
3.20
3.02
2.82
2.59
2.32
1.96
1.45
1.00