3.863
3.974
4.075
4.171
4.267
4.364
4.463
4.562
4.662
4.764
4.866
4.968
5.071
5.175
5.280
5.385
5.491
5.597
5.703
5.810
5.917
6.024
6.130
6.236
6.342
6.447
6.551
6.655
6.757
6.860
6.962
7.063
7.163
7.261
7.358
7.453
7.546
7.637
7.724
7.809
7.890
7.966
8.039
8.107
8.171
8.230
8.284
8.331
8.373
8.408
8.437
8.458
8.471
8.478
8.475
8.466
8.449
8.424
8.390
8.346
8.294
8.232
8.160
8.078
7.984
7.882
7.766
7.641
7.500
7.342
7.178
7.002
6.820
6.627
6.426
6.220
6.008
5.798
5.581
5.362
5.141
4.922
4.706
4.492
4.284
4.081
3.880
3.678
3.486
3.291
3.099
2.891
2.681
2.468
2.249
2.003
1.714
1.379
0.982
0.515
0.000