526.93
526.98
524.39
520.40
516.24
511.93
507.50
502.97
498.32
493.57
488.70
483.72
478.63
473.45
468.18
462.83
457.38
451.85
446.25
440.54
434.74
428.82
422.80
416.69
410.49
404.20
397.83
391.37
384.86
378.28
371.66
364.97
358.21
351.38
344.47
337.48
330.41
323.27
316.03
308.71
301.31
293.84
286.30
278.70
271.06
263.38
255.65
247.88
240.09
232.29
224.49
216.67
208.86
201.07
193.31
185.62
177.97
170.42
162.92
155.49
148.16
140.92
133.77
126.76
119.82
113.08
106.41
99.93
93.55
87.30
81.30
75.50
69.98
64.67
59.60
54.81
50.29
46.08
42.10
38.38
34.92
31.73
28.79
26.09
23.63
21.39
19.33
17.44
15.74
14.16
12.73
11.34
10.09
8.94
7.88
6.80
5.67
4.49
3.22
1.89
1.00