100000
99227
98933
98883
98848
98821
98797
98774
98752
98731
98711
98692
98673
98651
98625
98592
98555
98512
98461
98407
98349
98291
98230
98164
98092
98013
97926
97831
97723
97601
97461
97308
97142
96965
96778
96580
96374
96157
95934
95703
95465
95218
94961
94692
94405
94101
93782
93449
93096
92720
92316
91892
91442
90959
90443
89879
89272
88605
87894
87135
86316
85441
84504
83492
82436
81262
80050
78731
77366
75945
74354
72657
70765
68746
66560
64177
61602
58780
55808
52659
49340
45845
42213
38498
34705
30917
27204
23633
20186
17000
14053
11466
9151
7125
5401
4015
2933
2090
1462
1013
470